0001||10001
0002||10002
0103||10103
0104||10104
0111||10111
0112||10112
0215||10215
0216||10216
1007||11007
1008||11008
1009||11009
1010||11010
1011||11011
1012||11012
1013||11013
1014||11014
1015||11015
1016||11016
1017||11017
1018||11018
1019||11019
1020||11020
1023||11023
1024||11024
1025||11025
1026||11026
1027||11027
1028||11028
1029||11029
1030||11030
1031||11031
1032||11032
1033||11033
1034||11034
1035||11035
1036||11036
1037||11037
1038||11038
1039||11039
1040||11040
1041||11041
1042||11042
1043||11043
1044||11044
1045||11045
1047||11047
1048||11048
1049||11049
1050||11050
1055||11055
1056||11056
1057||11057
1058||11058
1059||11059
1060||11060
1061||11061
1062||11062
1063||11063
1064||11064
1065||11065
1066||11066
BUG:1067A
1067||11067
1068A||21068
1068||11068
1069||11069
1070||11070
1071||11071
1072||11072
1077||11077
1078||11078
1087||11087
1088||11088
1089||11089
1090||11090
1091||11091
1092||11092
1093||11093
1094||11094
1095||11095
1096||11096
1097||11097
1098||11098
10D||52544
BUG:1101
1102||11102
BUG:1103
1104||11104
1105||11105
1106||11106
1107A||21107
1107||11107
1108A||21108
1108||11108
1109||11109
1110||11110
1123||11123
1124||11124
1125||11125
1126||11126
1265||11265
1266||11266
1271||11271
1272||11272
1401||11401
1402||11402
BUG:1405
BUG:1406
1423||11423
1424||11424
1447||11447
1448||11448
1449||11449
1450||11450
1451||11451
1452||11452
1453||11453
1454||11454
1463||11463
1464||11464
1465||11465
1466||11466
1471||11471
1472||11472
1D||52541
BUG:1JP
1KS||52457
BUG:1PBJ
BUG:1PB
2001A||22001
2001||12001
2002A||22002
2002||12002
2003||12003
2004||12004
2005||12005
2006||12006
2007||12007
2008||12008
2009||12009
2010||12010
2011||12011
2012||12012
2013||12013
2014||12014
2015||12015
2016||12016
2017||12017
2018||12018
2019||12019
2020||12020
2021||12021
2022||12022
2023||12023
2024||12024
2027||12027
2028||12028
2029||12029
2030||12030
2031||12031
2032||12032
2033||12033
2034||12034
2051||12051
2052||12052
2053||12053
2054||12054
2055||12055
2056||12056
2057||12057
2058||12058
2059||12059
2060||12060
2061||12061
2062||12062
2067||12067
2068||12068
2069||12069
2070||12070
2071||12071
2072||12072
2073||12073
2074||12074
2075||12075
2076||12076
2077||12077
2078||12078
2079||12079
2080||12080
2083||12083
2084||12084
2101||12101
2102||12102
2103||12103
2104||12104
2105||12105
2106||12106
2107||12107
2108||12108
2109||12109
2110||12110
2111||12111
2112||12112
2113||12113
2114||12114
2115||12115
2116||12116
2117||12117
2118||12118
2119||12119
2120||12120
2121||12121
2122||12122
2123||12123
2124||12124
2125||12125
2126||12126
2127||12127
2128||12128
2129||12129
2130||12130
2131||12131
2132||12132
2133||12133
BUG:2134
2135||12135
2136||12136
2137||12137
2138||12138
2139||12139
2140||12140
2141||12141
2142||12142
2145||12145
2146||12146
2147||12147
2148||12148
2149||12149
2150||12150
2151||12151
2152||12152
2153||12153
2154||12154
2155||12155
2156||12156
2157||12157
2158||12158
2159||12159
2160||12160
2161||12161
2162||12162
2163||12163
2164||12164
2165||12165
2166||12166
2167||12167
2168||12168
2169||12169
2170||12170
2173||12173
2174||12174
2175||12175
2176||12176
2177||12177
2178||12178
2179||12179
2180||12180
2181||12181
2182||12182
2183||12183
2184||12184
2185||12185
2186||12186
2187||12187
2188||12188
2189||12189
2190||12190
2191||12191
2192||12192
2193||12193
2194||12194
2195||12195
2196||12196
2197||12197
2198||12198
2201||12201
2202||12202
2203||12203
2204||12204
2205||12205
2206||12206
2207||12207
2208||12208
2209||12209
2210||12210
2211||12211
2212||12212
2213||2213
2214||2214
2215||12215
2216||12216
2217||12217
2218||12218
2225||12225
2226||12226
2229||12229
2230||12230
2231||12231
2232||12232
2233||12233
2234||12234
2235||12235
2236||12236
2237||12237
2238||12238
2245||12245
2246||12246
2247||12247
2248||12248
2249||12249
2250||12250
2251||12251
2252||12252
2253||12253
2254||12254
2255||12255
2256||12256
2257||12257
2258||12258
2259||12259
2260||12260
2261||12261
2262||12262
2263||12263
2264||12264
2265||12265
2266||12266
2267||12267
2268||12268
2269||12269
2270||12270
2271||12271
2272||12272
2273||12273
2274||12274
2275||12275
2276||12276
2277||12277
2278||12278
2279||12279
2280||12280
2281||12281
2282||12282
2283||12283
2284||12284
2285||12285
2286||12286
2287||12287
2288||12288
2289||12289
2290||12290
2291||12291
2292||12292
2295||12295
2296||12296
2301||12301
2302||12302
2303||12303
2304||12304
2305||12305
2306||12306
2307||12307
2308||12308
2309||12309
2310||12310
2311||12311
2312||12312
2313||12313
2314||12314
2315||12315
2316||12316
2317||12317
2318||12318
2321||12321
2322||12322
2323||12323
2324||12324
2327||12327
2328||12328
2329||12329
2330||12330
2331||12331
2332||12332
2333||12333
2334||12334
2335||12335
2336||12336
2337||12337
2338||12338
2339||12339
2340||12340
2341||12341
2342||12342
2343||12343
2344||12344
2345||12345
2346||12346
2347||12347
2348||12348
2349||12349
2350||12350
2351||12351
2352||12352
BUG:2353
2354||12354
2355||12355
2356||12356
2358||12358
2359||12359
2360||12360
2361||12361
2362||12362
2363||12363
2364||12364
2365||12365
2366||12366
2367||12367
2368||12368
2369||12369
2370||12370
2377||12377
2378||12378
2379||12379
2380||12380
2381||12381
2382||12382
BUG:2387
BUG:2388
2389||12389
2390||12390
2391||12391
2392||12392
2393||12393
2394||12394
2395||12395
2396||12396
2397||12397
2398||12398
2401||12401
2402||12402
2403||12403
2404||12404
2405||12405
2406||12406
2409||12409
2410||12410
2411||12411
2412||12412
2413||12413
2414||12414
2415||12415
2416||12416
2417||12417
2418||12418
2419||12419
241||52451
2420||12420
BUG:2421
2422||12422
2423A||22423
2423||12423
2424||12424
2425||12425
2426||12426
2427||12427
2428||12428
2429||12429
242||52452
2430||12430
2431||12431
2432||12432
2433||12433
2434||12434
2435||12435
2436||12436
2437||12437
2438||12438
2439||12439
2440||12440
2441||12441
2442||12442
BUG:2443
2444||12444
2445||12445
2446||12446
2447A||22447
2447||12447
BUG:2448A
2448||12448
2449||12449
2450||12450
2451||12451
2452||12452
2453||12453
2454||12454
2459||12459
2460||12460
2461||12461
2462||12462
2463||12463
2464||12464
2465||12465
2466||12466
2467||12467
2468||12468
2469||12469
2470||12470
2471||12471
2472||12472
2473||12473
2474||12474
2475||12475
2476||12476
2477||12477
2478||12478
2479||12479
2480||12480
2481||12481
2482||12482
2483||12483
2484||12484
2485||12485
2486||12486
2487||12487
2488||12488
2491||12491
2492||12492
2493||12493
2494||12494
2495||12495
2496||12496
2497||12497
2498||12498
2501||12501
2502||12502
2505||12505
2506||12506
2507||12507
2508||12508
2509||12509
2510||12510
2511||12511
2512||12512
2513||12513
2514||12514
2515||12515
2516||12516
2517||12517
2518||12518
251||52453
2521||12521
2522||12522
2523||12523
2524||12524
2525||12525
2526||12526
2527||12527
2528||12528
252||52454
2531||12531
2532||12532
2533||12533
2534||12534
2535||12535
2536||12536
2537||12537
2538||12538
2539||12539
2541||12541
2542||12542
2549||12549
2550||12550
2551||12551
2552||12552
2553||12553
2554||12554
2555||12555
2556||12556
2557||12557
2558||12558
2559||12559
255||52455
2560||12560
2561||12561
2562||12562
2565||12565
2566||12566
2569||12569
256||52456
2570||12570
2577||12577
2578||12578
2587||12587
2588||12588
2589||12589
2590||12590
2591||12591
2592||12592
2601||12601
2602||12602
2603||12603
2604||12604
2605||12605
2606||12606
2607||12607
2608||12608
2609||12609
260||59460
2610||12610
2611||12611
2612||12612
2613||12613
2614||12614
2615||12615
2616||12616
2617||12617
2618||12618
2619||12619
2620||12620
2621||12621
2622||12622
2623||12623
2624||12624
2625||12625
2626||12626
2627||12627
2628||12628
2629||12629
2630||12630
2631||12631
2632||12632
2633||12633
2634||12634
2635||12635
2636||12636
2637||12637
2638||12638
2639||12639
2640||12640
2641||12641
2642||12642
2643||12643
2644||12644
2645||12645
2646||12646
2647||12647
2648||12648
2649||12649
2650||12650
2651||12651
2652||12652
2653||12653
2655||12655
2656||12656
2657||12657
2658||12658
2659||12659
2660||12660
2661||12661
2662||12662
2663||12663
2664||12664
2665||12665
2666||12666
2667||12667
2668||12668
2669||12669
2670||12670
2671||12671
2672||12672
2673||12673
2674||12674
2675||12675
2676||12676
2677||12677
2678||12678
2679||12679
2680||12680
2681||12681
2682||12682
2683||12683
2684||12684
2685||12685
2686||12686
2687||12687
2688A||22688
2688||12688
2689||12689
2690||12690
2691||12691
2692||12692
2693||12693
2694||12694
2695||12695
2696||12696
2697||12697
2698||12698
2701||12701
2702||12702
2703||12703
2704||12704
2705||12705
2706||12706
2707||12707
2708||12708
2709||12709
2710||12710
2711||12711
2712||12712
2713||12713
2714||12714
2715||12715
2716||12716
2717||12717
2718||12718
2721||12721
2722||12722
2723||12723
2724||12724
2725||12725
2726||12726
2727||12727
2728||12728
2729||12729
2730||12730
2733||12733
2734||12734
2735||12735
2736||12736
2737||12737
2738||12738
2739||12739
2740||12740
2741||12741
2742||12742
2743||12743
2744||12744
2745||12745
2746||12746
2747||12747
2748||12748
2749||12749
2750||12750
2759||12759
2760||12760
2763||12763
2764||12764
2777||12777
2778||12778
2779||12779
2780||12780
2781||12781
2782||12782
2785||12785
2786||12786
2787||12787
2788||12788
2789||12789
2790||12790
2791||12791
2792||12792
2793||12793
2794||12794
2797||12797
2798||12798
2801||12801
2802||12802
2803||12803
2804||12804
2805||12805
2806||12806
2807||12807
2808||12808
2809||12809
2810||12810
2811||12811
2812||12812
2813||12813
2814||12814
2815||12815
2816||12816
2817||12817
2818||12818
2819||12819
2820||12820
2821||12821
2822||12822
2823||12823
2824||12824
2825||12825
2826||12826
2827||12827
2828||12828
2829||12829
2830||12830
2831||12831
2832||12832
2833||12833
2834||12834
2835||12835
2836||12836
2837||12837
2838||12838
2839||12839
2840||12840
2841||12841
2842||12842
2843||12843
2844||12844
2845||12845
2846||12846
2849||12849
2850||12850
2851||12851
2852||12852
2853||12853
2854||12854
2855||12855
2856||12856
2857||12857
2858||12858
2859||12859
2860||12860
2861||12861
BUG:2862
2863||12863
2864||12864
2865||12865
2866||12866
2867||12867
2868||12868
2869||12869
2870||12870
2871||12871
2872||12872
2873||12873
2874||12874
2875||12875
2876||12876
2877||12877
2878||12878
2879||12879
2880||12880
2881||12881
2882||12882
2883||12883
2884||12884
2885||12885
2886||12886
2887||12887
2888||12888
2889||12889
2890||12890
2891||12891
2892||12892
2893||12893
2894||12894
2895||12895
2896||12896
2897||12897
2898||12898
2901||12901
2902||12902
2903||12903
2904||12904
2905A||22905
2905||12905
BUG:2906A
2906||12906
2907||12907
2908||12908
2909||12909
2910||12910
2913||12913
2914||12914
2915||12915
2916||12916
2917||12917
2918||12918
2919||12919
2920||12920
2921||12921
2922||12922
2923||12923
2924||12924
BUG:2925A
2925||12925
2926A||22926
2926||12926
2927||12927
2928||12928
BUG:2929
BUG:2930
2933||12933
2934||12934
2935||12935
2936||12936
2937||12937
2938||12938
2939||12939
2940||12940
2941||12941
2942||12942
2943||12943
2944||12944
2945||12945
2946||12946
2947||12947
2948||12948
2951||12951
2952||12952
2953||12953
2954||12954
2955||12955
2956||12956
2957||12957
2958||12958
2961||12961
2962||12962
2963||12963
2964||12964
2965||12965
2966||12966
2967||12967
2968||12968
2969||12969
2970||12970
2971||12971
2972||12972
2973||12973
2974||12974
2975||12975
2976||12976
2977||12977
2978||12978
2979||12979
2980||12980
2981||12981
2982||12982
2983||12983
2984||12984
2987||12987
2988||12988
2989||12989
2990||12990
2991||12991
2992||12992
2995||12995
2996A||22996
2996||12996
2997||12997
2998||12998
2D||52540
BUG:2JP
2KS||52458
BUG:2PBJ
BUG:2PB
3005||13005
3006||13006
3007||13007
3008||13008
3009||13009
3010||13010
3011||13011
3012||13012
3017||13017
3018||13018
3019||13019
3020||13020
3021||13021
3022||13022
3023||13023
3024||13024
3025||13025
3026||13026
3039||13039
BUG:3040
3049||13049
3050||13050
3051||13051
3052||13052
3071||13071
3072||13072
3103||13103
3104||13104
3105||13105
3106||13106
3111||13111
3112||13112
3113||13113
3114||13114
3133||13133
3134||13134
3141||13141
3142||13142
3145||13145
3146||13146
3147||13147
3148||13148
3149||13149
3150||13150
3151||13151
3152||13152
3153||13153
3154||13154
3155||13155
3156||13156
3157||13157
3158||13158
3159||13159
3160||13160
3161||13161
3162||13162
3163||13163
3164||13164
3185||13185
3186||13186
3187||13187
3188||13188
3201||13201
3202||13202
3225A||23225
3225||3225
3226A||23226
3226||13226
3233||13233
3234||13234
3235||13235
3236||13236
3237||13237
3238||13238
3239||13239
3240||13240
3241||13241
3242||13242
3243||13243
3244||13244
3245||13245
3246||13246
3247||13247
3248||13248
3251||13251
3252||13252
3287||13287
3288||13288
3301||13301
3302||13302
BUG:3303
BUG:3304
BUG:3305
BUG:3306
3307||13307
3308||13308
3317||13317
3318||13318
BUG:3319
BUG:3320
3329||13329
3330||13330
3331||13331
3332||13332
3347A||23347
3347||13347
BUG:3348A
3348||13348
3351||13351
3352||13352
3401||13401
3402||13402
3403||13403
3404||13404
3409||13409
3410||13410
3413||13413
3414||13414
3415||13415
3416||13416
3419||13419
3420||13420
3421||13421
3422||13422
3465||13465
3466||13466
3483||13483
3484||13484
BUG:3501
BUG:3502
3503||13503
3504||13504
BUG:3PBJ
BUG:3PB
4001||14001
4003||14003
4004||14004
4005||14005
4006||14006
4007||14007
4008||14008
4013||14013
4014||14014
4015||14015
4016||14016
4017||14017
4018||14018
4033||14033
4034||14034
4035||14035
4036||14036
4037||14037
4038||14038
BUG:4041A
4041||14041
BUG:4042A
4042||14042
4043||14043
4044||14044
4055||14055
4056||14056
4059||14059
4060||14060
4083||14083
4084||14084
4085||4085
4086||4086
4095||14095
4096||14096
BUG:4109
BUG:4110
BUG:4113
4114||14114
4115||14115
4116||14116
4119||14119
4120||14120
BUG:4123
BUG:4124
BUG:4125
BUG:4126
4163||14163
4164||14164
4203||14203
4204||14204
4207||14207
4208||14208
4209||14209
4210||14210
4211||14211
4212||14212
4215||14215
4216||14216
4217||14217
4218||14218
4227||14227
4228||14228
4235||14235
4236||14236
4257||14257
4258||14258
4259||14259
4260||14260
4265||14265
4266||14266
4307||14307
4308||14308
4309||14309
4310||14310
4311||14311
4312||14312
4313||14313
4314||14314
4315||14315
4316||14316
4317||14317
4318||14318
4321||14321
4322||14322
4323||14323
4324||14324
4369A||24369
4369B||84369
4369||14369
4370A||24370
BUG:4370B
4370||14370
4511||14511
4512||14512
4519||14519
4520||14520
4523||14523
4524||14524
4525||14525
4526||14526
BUG:4545
BUG:4546
4553||14553
4554||14554
4555||14555
4556||14556
BUG:4603
BUG:4604
4609||14609
4610||14610
BUG:4629
BUG:4630
4631||14631
4632||14632
BUG:4633
BUG:4634
4645||14645
4646||14646
4649||14649
4650||14650
4673||14673
4674||14674
4681||14681
4682||14682
4701||14701
4702||14702
4703||14703
4704||14704
4705||14705
4706||14706
4707||14707
4708||14708
4711||14711
4712||14712
4723||14723
4724||14724
4731||14731
4732||14732
BUG:4795
BUG:4796
4809||14809
4810||14810
4853||14853
4854||14854
4863||14863
4864||14864
4865||14865
4866||14866
4887A||24887
4887||14887
4888A||24888
4888||14888
BUG:4PBJ
BUG:4PB
5001||15001
5002||15002
5003||15003
5004||15004
5005||15005
5006||15006
5007||15007
5008||15008
5009||15009
5010||15010
5011||15011
5012||15012
5013A||5013A
5013||15013
5014A||25014
5014||15014
5015||15015
5016||15016
5017||15017
5018||15018
5027||15027
5028||15028
BUG:5035A
5035||15035
5036A||25036
5036||15036
BUG:5037
BUG:5038
BUG:5039
BUG:5040
BUG:5041
BUG:5042
5045||15045
5046||15046
5047||15047
5048||15048
5049||15049
5050||15050
5051||15051
5052||15052
5097||15097
5098||15098
BUG:5101
BUG:5102
BUG:5103
BUG:5104
BUG:5105
5106||5106
5107||15107
5108||15108
5109||15109
5110||15110
5159||15159
5160||15160
BUG:5201A
BUG:5201
BUG:5202A
BUG:5202
5203||15203
5204||15204
BUG:5209
BUG:5210
BUG:5211
BUG:5212
BUG:5215
BUG:5216
5227||15227
5228||15228
BUG:5267
BUG:5268
BUG:5270
BUG:5271
BUG:5272
5273||15273
5274||15274
BUG:5275
BUG:5276
5279||15279
5280||15280
5281||15281
5282||15282
5283||15283
5284||15284
5307||15307
5308||15308
BUG:5309
BUG:5310
BUG:5311
BUG:5312
BUG:5313
5314||5314
5315||15315
5316||15316
BUG:5319
BUG:5320
BUG:5321
BUG:5322
5603||15603
5604||15604
5605||15605
5606||15606
5609||15609
5610||15610
5619||15619
5620||15620
5629||15629
5630||15630
5631||15631
5632||15632
5635||15635
5636||15636
5639||15639
5640||15640
5643||15643
5644||15644
5645||15645
5646||15646
5647||15647
5648||15648
5651||15651
5652||15652
5653||15653
5654||15654
5657||15657
5658||15658
5661||15661
5665||15665
5666||15666
5667||15667
5668||15668
5691||15691
5692||15692
5693||15693
5694||15694
5695||15695
5696||15696
5707||15707
5708||15708
5713||15713
5714||15714
5715A||25715
5715||15715
BUG:5716A
5716||15716
BUG:5719
BUG:5720
5721||15721
5722||15722
BUG:5771
BUG:5772
5813||15813
5814||15814
5901||15901
5902||15902
5903||15903
5904||15904
5929||15929
5930||15930
5933||15933
5934||15934
5941||15941
5942||15942
5959||15959
5960||15960
BUG:5PB
6031||16031
6032||16032
6041||16041
6042||16042
6043||16043
6044||16044
6053||16053
6054||16054
6057||16057
6058||16058
BUG:6085
BUG:6086
BUG:6089
BUG:6090
6093||16093
6094||16094
6107||16107
6108||16108
BUG:6115
BUG:6116
6125||16125
6126||16126
6127||16127
6128||16128
6175||16175
6176||16176
6177||16177
6178||16178
6201||16201
6202||16202
6203||16203
6204||16204
6209||16209
6210||16210
6215||16215
6216||16216
6221||16221
6222||16222
6227||16227
6228||16228
6231||16231
6232||16232
BUG:6233
BUG:6234
6301||16301
6302||16302
6303||16303
6304||16304
6305||16305
6306||16306
6307||16307
6308||16308
6309||16309
6310||16310
6311||16311
6312||16312
6315||16315
6316||16316
6317||16317
6318||16318
6321||16321
6322||16322
6323||16323
6324||16324
6325||16325
6326||16326
6327||16327
6328||16328
6331||16331
6332||16332
6333||16333
6334||16334
6335||16335
6336||16336
6337||16337
6338||16338
6339||16339
6340||16340
6341||16341
6342||16342
6343||16343
6344||16344
6345||16345
6346||16346
6347||16347
6348||16348
6351||16351
6352||16352
6359||16359
6360||16360
6381||16381
6382||16382
6501||16501
6502||16502
6505||16505
6506||16506
6507||16507
6508||16508
6515||16515
6516||16516
6517||16517
6518||16518
BUG:6519
BUG:6520
BUG:6521
BUG:6522
6525||16525
6526||16526
6527||16527
6528||16528
6529||16529
6530||16530
6531||16531
6532||16532
6533||16533
6534||16534
6535||16535
6536||16536
6589||16589
6590||16590
6591||16591
6592||16592
6593||16593
6594||16594
6603||16603
6604||16604
6605||16605
6606||16606
6609||16609
6610||16610
6613||16613
6614||16614
6627||16627
6628||16628
6629||16629
6630||16630
6649||16649
6650||16650
6669||16669
6670||16670
6687||16687
6688||16688
6701||16701
6702||16702
6713||16713
6714||16714
6723||16723
6724||16724
6731||16731
6732||16732
6733||16733
6734||16734
6735||16735
6736||16736
BUG:6787
BUG:6788
6853||16853
6854||16854
6865||16865
6866||16866
BUG:6PB
7001||17001
7002||17002
7013||17013
7014||17014
7015||17015
7016||17016
7017||17017
7018||17018
7031||17031
7032||17032
7035||17035
7036||17036
7037||17037
7038||17038
7049||17049
7050||17050
7057||17057
7058||17058
7063||17063
7064||17064
7201||17201
7202||17202
7203||17203
7204||17204
7205||17205
7206||17206
7207||17207
7208||17208
7209||17209
7210||17210
7211||17211
7212||17212
7225||17225
7226||17226
7229||17229
7230||17230
7233||17233
7234||17234
7239||17239
7240||17240
7255||17255
7256||17256
7301||17301
7302||17302
BUG:7303
BUG:7304
7305||17305
7307||17307
7308||17308
7309||17309
7310||17310
7311||17311
7312||17312
7313||17313
7314||17314
7401||17401
7402||17402
7405||17405
7406||17406
BUG:7415
7416||17416
7429||17429
7430||17430
7479||17479
7480||17480
7481||17481
7482||17482
7487||17487
7488||17488
7603||17603
7604||17604
7607||17607
7608||17608
7609||17609
7610||17610
7617||17617
7618||17618
7639||17639
7640||17640
7643||17643
7644||17644
7651||17651
7652||17652
7687||17687
7688||17688
BUG:7PB
8001||18001
8002||18002
8003||18003
8004||18004
8005||18005
8006||18006
8029||18029
8030||18030
8047||18047
8048||18048
8101||18101
8102||18102
8103||18103
8104||18104
8105||18105
8106||18106
8107||18107
8108||18108
BUG:8181A
8181||18181
8182A||28182
8182||18182
8183||18183
8184||18184
8189||18189
BUG:8190
8191||18191
8192||18192
8201||18201
8202||18202
8203||18203
8204||18204
8205||18205
8206||18206
8207||18207
8208||18208
8233||18233
8234||18234
8235||18235
8236||18236
8237||18237
8238||18238
8239||18239
8240||18240
8241||18241
8242||18242
8301||18301
8302||18302
8303||18303
8304||18304
8309||18309
8310||18310
8311||18311
8312||18312
8401||18401
8402||18402
8405||18405
8406||18406
8409||18409
8410||18410
8411||18411
8412||18412
8413||18413
8414||18414
8415||18415
8416||18416
8419||18419
8420||18420
8425||18425
8426||18426
8447||18447
8448||18448
8449||18449
8450||18450
8451||18451
8452||18452
8463||18463
8464||18464
8473||18473
8474||18474
8477||18477
8478||18478
8495||18495
8496||18496
8507||18507
8508||18508
8509||18509
8510||18510
8517||18517
8518||18518
8601||18601
BUG:8602
8603||18603
8604||18604
8609||18609
8610||18610
8611||18611
8612||18612
BUG:8613
BUG:8614
8615||18615
8616||18616
8617||18617
8618||18618
8621||18621
8622||18622
8623||18623
8624||18624
8625||18625
8626||18626
8627||18627
8628||18628
8631||18631
8632||18632
8645||18645
8646||18646
BUG:8PB
9005||19005
9006||19006
9011||19011
9012||19012
9017||19017
9018||19018
9019A||29019
9019||19019
9020A||29020
9020||19020
9023||19023
9024||19024
9025||19025
9026||19026
9037||19037
9038||19038
9039||19039
9040||19040
9047||19047
9048||19048
9049||19049
9050||19050
9051||19051
9052||19052
9053||19053
9054||19054
9059||19059
9060||19060
9065||19065
9066||19066
9105||19105
9106||19106
9109||19109
9110||19110
BUG:9113
BUG:9114
9115||19115
9116||19116
BUG:9119
BUG:9120
BUG:9129
BUG:9130
9131||19131
9132||19132
9143||19143
9144||19144
BUG:9151
BUG:9152
9165||19165
9166||19166
9167||19167
9168||19168
9215||19215
9216||19216
9221||19221
9222||19222
9223||19223
9224||19224
9225||19225
9226||19226
9263||19263
9264||19264
9269||19269
9270||19270
9305||19305
9306||19306
9309||19309
9310||19310
9311||19311
9312||19312
9313||19313
9314||19314
9321||19321
9322||19322
9323||19323
9324||19324
9325||19325
9326||19326
9327||19327
9328||19328
9565||19565
9566||19566
9569||19569
9570||19570
9653||19653
9654||19654
9655A||09755
9655||19655
9656A||09756
9656||19656
9657||19657
9658||19658
9707||19707
9708||19708
BUG:9735
BUG:9736
9771||19771
9772||19772
9781||19781
9782||19782
9943||19943
9944||19944
9D||52545
